100
2475 239 0.9290644186208099
3000 835 0.9304641233983514
441 33 0.7285575415657165
311 26 0.6976385991843475
3000 854 0.9720202238293681
1691 18 0.8897513221417184
3000 6 0.6128288993437406
3000 1235 0.9966125411381052
1042 88 0.6569673192569656
2119 172 0.9744914521199695
1153 99 0.8326365107773426
3000 39 0.6214264176481694
1998 70 0.742858228462187
3000 132 0.9234418745440136
1343 41 0.7608402479458649
3000 27 0.8186760818824159
3000 68 0.883581865722848
1810 12 0.6576780151471855
3000 195 0.8184633788266845
2 1 0.5
1732 111 0.8684178769700903
2314 110 0.9268218756869193
2855 187 0.8236994563582262
386 17 0.718153585783869
217 7 0.7382865325352616
1682 136 0.7030610245850939
2488 143 0.8832202520625858
2 1 0.4
1725 140 0.6185639070212079
3000 43 0.8371587587474507
1193 110 0.9086520923587524
833 24 0.8138395412396386
560 50 0.6164236281294888
1830 156 0.9041155517689629
947 7 0.6405108820936718
1 2 0.4
2524 79 0.7905681826052038
2618 194 0.8097210286246191
1277 84 0.5281795396618607
2667 115 0.9469069817807606
3000 1757 0.9670775954951097
2675 172 0.9907174864261679
1 1 0.4
848 69 0.6842106542400741
3000 2462 0.9151227339986332
225 2 0.6780451225162889
1875 126 0.7704639006617173
10 5 0.9
504 3 0.8265025190871463
920 73 0.9641547061467182
10 12 0.5
2256 8 0.8512802131887799
10 5 0.1
2086 189 0.8774644860016525
3000 135 0.5511401553868309
3000 50 0.987
1786 17 0.7810815247228993
2729 17 0.8468731878912232
2810 12 0.936126143514934
1102 92 0.6995840712669159
2720 223 0.532229861961256
580 40 0.5323848799892076
2772 157 0.7993674366833572
2046 179 0.8544980648147233
122 12 0.7689056175522754
3000 125 0.919826528587413
943 60 0.6325101268966185
975 39 0.7089957244280294
1824 102 0.8159455835461951
299 27 0.740555319191734
2435 177 0.8257519323246103
184 14 0.7347405249181647
3000 121 0.9980522144494091
2970 140 0.8675526963415757
2293 70 0.7086400483014732
3000 160 0.6579502846146681
3000 148 0.9286954412715177
3000 62 0.54049556192781
988 16 0.9382841920307987
38 4 0.7498810617519003
12 2 0.5532897906166729
990 55 0.7568346081552475
2259 34 0.5576836899140907
1280 83 0.8153070296580358
1976 112 0.8969324484255347
3000 50 0.123
2979 43 0.7772237010498029
1059 22 0.5108948077060458
2287 189 0.6841751223241345
682 29 0.9403256533894492
1281 107 0.8554390281918967
566 41 0.7684774086217769
1380 41 0.8561698013807151
970 5 0.6451701546529596
3000 94 0.8689874881448595
1066 107 0.747440970243992
2406 65 0.9164550545450427
1434 139 0.7009021303832321
3000 48 0.815240333295067
733 65 0.9508436052200189
